 ===============================
  SLOT FIBER  ASIC   PMT   TILE 
 ===============================
    3     1     0     1      1 
    3     1     1     2      1 
    3     1     2     3      1 
    3     0     0     4      2 
    3     0     1     5      2 
    3     0     2     6      2 
    3     7     0     7      3 
    3     7     2     8      3 
    3     3     0     9      4 
    3     3     1    10      4 
    3     3     2    11      4 
    3     2     0    12      5 
    3     2     2    13      5 
    3     6     0    14      6 
    3     6     1    15      6 
    3     6     2    16      6 
    3     5     0    17      7 
    3     5     2    18      7 
    3     4     0    19      8 
    3     4     1    20      8 
    3     4     2    21      8 
    3    10     0    22      9 
    3    10     1    23      9 
    3    10     2    24      9 
    3     9     0    25     10 
    3     9     1    26     10 
    3     9     2    27     10 
    3     8     0    28     11 
    3     8     1    29     11 
    3     8     2    30     11 
    3    15     0    31     12 
    3    15     2    32     12 
    3    14     0    33     13 
    3    14     1    34     13 
    3    14     2    35     13 
    3    13     0    36     14 
    3    13     1    37     14 
    3    13     2    38     14 
    3    12     0    39     15 
    3    12     2    40     15 
    3    19     0    41     16 
    3    19     1    42     16 
    3    19     2    43     16 
    3    18     0    44     17 
    3    18     1    45     17 
    3    18     2    46     17 
    3    17     0    47     18 
    3    17     1    48     18 
    3    17     2    49     18 
    3    16     0    50     19 
    3    16     2    51     19 
    3    23     0    52     20 
    3    23     1    53     20 
    3    23     2    54     20 
    3    22     0    55     21 
    3    22     1    56     21 
    3    22     2    57     21 
    3    21     0    58     22 
    3    21     1    59     22 
    3    21     2    60     22 
    3    20     0    61     23 
    3    20     1    62     23 
    3    20     2    63     23 
    3    27     0    64     24 
    3    27     2    65     24 
    3    26     0    66     25 
    3    26     1    67     25 
    3    26     2    68     25 
    3    25     0    69     26 
    3    25     1    70     26 
    3    25     2    71     26 
    3    24     0    72     27 
    3    24     1    73     27 
    3    24     2    74     27 
    4     8     0    75     28 
    4     8     2    76     28 
    3    31     0    77     29 
    3    31     1    78     29 
    3    31     2    79     29 
    3    30     0    80     30 
    3    30     1    81     30 
    3    30     2    82     30 
    3    29     0    83     31 
    3    29     1    84     31 
    3    29     2    85     31 
    3    28     0    86     32 
    3    28     1    87     32 
    3    28     2    88     32 
    4     9     0    89     33 
    4     9     2    90     33 
    4     3     0    91     34 
    4     3     1    92     34 
    4     3     2    93     34 
    4     2     0    94     35 
    4     2     1    95     35 
    4     2     2    96     35 
    4     1     0    97     36 
    4     1     1    98     36 
    4     1     2    99     36 
    4     0     0   100     37 
    4     0     1   101     37 
    4     0     2   102     37 
    4    10     0   103     38 
    4    10     1   104     38 
    4    10     2   105     38 
    4     7     0   106     39 
    4     7     2   107     39 
    4     6     0   108     40 
    4     6     1   109     40 
    4     6     2   110     40 
    4     5     0   111     41 
    4     5     1   112     41 
    4     5     2   113     41 
    4     4     0   114     42 
    4     4     1   115     42 
    4     4     2   116     42 
    4    11     0   117     43 
    4    11     1   118     43 
    4    11     2   119     43 
    4    24     0   120     44 
    4    24     2   121     44 
    4    15     0   122     45 
    4    15     1   123     45 
    4    15     2   124     45 
    4    14     0   125     46 
    4    14     1   126     46 
    4    14     2   127     46 
    4    13     0   128     47 
    4    13     1   129     47 
    4    13     2   130     47 
    4    12     0   131     48 
    4    12     1   132     48 
    4    12     2   133     48 
    4    28     0   134     49 
    4    28     1   135     49 
    4    28     2   136     49 
    4    25     0   137     50 
    4    25     2   138     50 
    4    19     0   139     51 
    4    19     1   140     51 
    4    19     2   141     51 
    4    18     0   142     52 
    4    18     1   143     52 
    4    18     2   144     52 
    4    17     0   145     53 
    4    17     1   146     53 
    4    17     2   147     53 
    4    16     0   148     54 
    4    16     1   149     54 
    4    16     2   150     54 
    4    29     0   151     55 
    4    29     1   152     55 
    4    29     2   153     55 
    4    26     0   154     56 
    4    26     1   155     56 
    4    26     2   156     56 
    4    23     0   157     57 
    4    23     2   158     57 
    4    22     0   159     58 
    4    22     1   160     58 
    4    22     2   161     58 
    4    21     0   162     59 
    4    21     1   163     59 
    4    21     2   164     59 
    4    20     0   165     60 
    4    20     1   166     60 
    4    20     2   167     60 
    4    31     0   168     61 
    4    31     1   169     61 
    4    31     2   170     61 
    4    30     0   171     62 
    4    30     1   172     62 
    4    30     2   173     62 
    4    27     0   174     63 
    4    27     2   175     63 
    5     3     0   176     64 
    5     3     1   177     64 
    5     3     2   178     64 
    5     2     0   179     65 
    5     2     1   180     65 
    5     2     2   181     65 
    5     1     0   182     66 
    5     1     1   183     66 
    5     1     2   184     66 
    5     0     0   185     67 
    5     0     1   186     67 
    5     0     2   187     67 
    5     6     0   188     68 
    5     6     1   189     68 
    5     6     2   190     68 
    5     5     0   191     69 
    5     5     1   192     69 
    5     5     2   193     69 
    5     4     0   194     70 
    5     4     2   195     70 
    5    11     0   196     71 
    5    11     1   197     71 
    5    11     2   198     71 
    5    10     0   199     72 
    5    10     1   200     72 
    5    10     2   201     72 
    5     9     0   202     73 
    5     9     1   203     73 
    5     9     2   204     73 
    5     8     0   205     74 
    5     8     1   206     74 
    5     8     2   207     74 
    5    14     0   208     75 
    5    14     1   209     75 
    5    14     2   210     75 
    5    13     0   211     76 
    5    13     1   212     76 
    5    13     2   213     76 
    5    12     0   214     77 
    5    12     1   215     77 
    5    12     2   216     77 
    5    19     0   217     78 
    5    19     2   218     78 
    5    18     0   219     79 
    5    18     1   220     79 
    5    18     2   221     79 
    5    17     0   222     80 
    5    17     1   223     80 
    5    17     2   224     80 
    5    16     0   225     81 
    5    16     1   226     81 
    5    16     2   227     81 
    5    23     0   228     82 
    5    23     1   229     82 
    5    23     2   230     82 
    5    22     0   231     83 
    5    22     1   232     83 
    5    22     2   233     83 
    5    21     0   234     84 
    5    21     1   235     84 
    5    21     2   236     84 
    5    20     0   237     85 
    5    20     2   238     85 
    5    27     0   239     86 
    5    27     1   240     86 
    5    27     2   241     86 
    5    26     0   242     87 
    5    26     1   243     87 
    5    26     2   244     87 
    5    25     0   245     88 
    5    25     1   246     88 
    5    25     2   247     88 
    5    24     0   248     89 
    5    24     1   249     89 
    5    24     2   250     89 
    5    31     0   251     90 
    5    31     1   252     90 
    5    31     2   253     90 
    5    30     0   254     91 
    5    30     1   255     91 
    5    30     2   256     91 
    5    29     0   257     92 
    5    29     1   258     92 
    5    29     2   259     92 
    5    28     0   260     93 
    5    28     2   261     93 
    6     3     0   262     94 
    6     3     1   263     94 
    6     3     2   264     94 
    6     2     0   265     95 
    6     2     1   266     95 
    6     2     2   267     95 
    6     1     0   268     96 
    6     1     1   269     96 
    6     1     2   270     96 
    6     0     0   271     97 
    6     0     1   272     97 
    6     0     2   273     97 
    6     7     0   274     98 
    6     7     1   275     98 
    6     7     2   276     98 
    6     6     0   277     99 
    6     6     1   278     99 
    6     6     2   279     99 
    6     5     0   280    100 
    6     5     1   281    100 
    6     5     2   282    100 
    6     4     0   283    101 
    6     4     1   284    101 
    6     4     2   285    101 
    6    11     0   286    102 
    6    11     2   287    102 
    6    10     0   288    103 
    6    10     1   289    103 
    6    10     2   290    103 
    6     9     0   291    104 
    6     9     1   292    104 
    6     9     2   293    104 
    6     8     0   294    105 
    6     8     1   295    105 
    6     8     2   296    105 
    6    15     0   297    106 
    6    15     1   298    106 
    6    15     2   299    106 
    6    14     0   300    107 
    6    14     1   301    107 
    6    14     2   302    107 
    6    13     0   303    108 
    6    13     1   304    108 
    6    13     2   305    108 
    6    12     0   306    109 
    6    12     1   307    109 
    6    12     2   308    109 
    7     8     0   309    110 
    7     8     2   310    110 
    6    19     0   311    111 
    6    19     1   312    111 
    6    19     2   313    111 
    6    18     0   314    112 
    6    18     1   315    112 
    6    18     2   316    112 
    6    17     0   317    113 
    6    17     1   318    113 
    6    17     2   319    113 
    6    16     0   320    114 
    6    16     1   321    114 
    6    16     2   322    114 
    6    23     0   323    115 
    6    23     1   324    115 
    6    23     2   325    115 
    6    22     0   326    116 
    6    22     1   327    116 
    6    22     2   328    116 
    6    21     0   329    117 
    6    21     1   330    117 
    6    21     2   331    117 
    6    20     0   332    118 
    6    20     1   333    118 
    6    20     2   334    118 
    7     9     0   335    119 
    7     9     2   336    119 
    6    27     0   337    120 
    6    27     1   338    120 
    6    27     2   339    120 
    6    26     0   340    121 
    6    26     1   341    121 
    6    26     2   342    121 
    7    11     0   343    122 
    7    11     1   344    122  
    7    11     2   345    122  
    6    24     0   346    123 
    6    24     1   347    123 
    6    24     2   348    123 
    6    31     0   349    124 
    6    31     1   350    124 
    6    31     2   351    124 
    6    30     0   352    125 
    6    30     1   353    125 
    6    30     2   354    125 
    6    29     0   355    126 
    6    29     1   356    126 
    6    29     2   357    126 
    6    28     0   358    127 
    6    28     1   359    127 
    6    28     2   360    127 
    7    12     0   361    128 
    7    12     1   362    128 
    7    12     2   363    128 
    7     3     0   364    129 
    7     3     2   365    129 
    7     2     0   366    130 
    7     2     1   367    130 
    7     2     2   368    130 
    7     1     0   369    131 
    7     1     1   370    131 
    7     1     2   371    131 
    7     0     0   372    132 
    7     0     1   373    132 
    7     0     2   374    132 
    7     7     0   375    133 
    7     7     1   376    133 
    7     7     2   377    133 
    7     6     0   378    134 
    7     6     1   379    134 
    7     6     2   380    134 
    7     5     0   381    135 
    7     5     1   382    135 
    7     5     2   383    135 
    7     4     0   384    136 
    7     4     1   385    136 
    7     4     2   386    136 
    7    14     0   387    137 
    7    14     1   388    137 
    7    14     2   389    137 
    7    13     0   390    138 
    7    13     2   391    138 
