 ===============
  CHANNEL PIXEL  
 ===============
     0     60
     1     58
     2     59
     3     57
     4     52
     5     50
     6     51
     7     49
     8     44
     9     42
    10     43
    11     41
    12     36
    13     34
    14     35
    15     33
    16     28
    17     26
    18     27
    19     25
    20     20
    21     18
    22     19
    23     17
    24     12
    25     10
    26     11
    27      9
    28      4
    29      2
    30      3
    31      1
    32      5
    33      7
    34      6
    35      8
    36     13
    37     15
    38     14
    39     16
    40     21
    41     23
    42     22
    43     24
    44     29
    45     31
    46     30
    47     32
    48     37
    49     39
    50     38
    51     40
    52     45
    53     47
    54     46
    55     48
    56     53
    57     55
    58     54
    59     56
    60     61
    61     63
    62     62
    63     64
